 subject activity TimeBodyAccelerometer.mean...X TimeBodyAccelerometer.mean...Y
1        1        5                      0.2885845                   -0.020294171
2        1        5                      0.2784188                   -0.016410568
3        1        5                      0.2796531                   -0.019467156
4        1        5                      0.2791739                   -0.026200646
5        1        5                      0.2766288                   -0.016569655
6        1        5                      0.2771988                   -0.010097850
7        1        5                      0.2794539                   -0.019640776
8        1        5                      0.2774325                   -0.030488303
9        1        5                      0.2772934                   -0.021750698
10       1        5                      0.2805857                   -0.009960298
11       1        5                      0.2768803                   -0.012721805
   TimeBodyAccelerometer.mean...Z TimeGravityAccelerometer.mean...X TimeGravityAccelerometer.mean...Y
1                      -0.1329051                         0.9633961                        -0.1408397
2                      -0.1235202                         0.9665611                        -0.1415513
3                      -0.1134617                         0.9668781                        -0.1420098
4                      -0.1232826                         0.9676152                        -0.1439765
5                      -0.1153619                         0.9682244                        -0.1487502
6                      -0.1051373                         0.9679482                        -0.1482100
7                      -0.1100221                         0.9679295                        -0.1442821
8                      -0.1253604                         0.9684915                        -0.1467054
9                      -0.1207508                         0.9684812                        -0.1543740
10                     -0.1060652                         0.9684180                        -0.1563020
11                     -0.1034383                         0.9692027                        -0.1523614
   TimeGravityAccelerometer.mean...Z TimeBodyAccelerometerJerk.mean...X TimeBodyAccelerometerJerk.mean...Y
1                         0.11537494                         0.07799634                        0.005000803
2                         0.10937881                         0.07400671                        0.005771104
3                         0.10188392                         0.07363596                        0.003104037
4                         0.09985014                         0.07732061                        0.020057642
5                         0.09448590                         0.07344436                        0.019121574
6                         0.09190972                         0.07793244                        0.018684046
7                         0.09314463                         0.08217077                       -0.017014670
8                         0.09170816                         0.07236423                        0.008747856
9                         0.08511826                         0.07528437                        0.030762704
10                        0.08087447                         0.07636932                        0.012518906
11                        0.08125808                         0.07139686                        0.016842441
   TimeBodyAccelerometerJerk.mean...Z TimeBodyGyroscope.mean...X TimeBodyGyroscope.mean...Y
1                        -0.067830808               -0.006100849                -0.03136479
2                         0.029376633               -0.016111620                -0.08389378
3                        -0.009045631               -0.031698294                -0.10233542
4                        -0.009864772               -0.043409983                -0.09138618
5                         0.016779979               -0.033960416                -0.07470803
6                         0.009344434               -0.028775508                -0.07039311
7                        -0.015798166               -0.028600251                -0.08304673
8                        -0.004468135               -0.024200262                -0.07789261
9                         0.011211950               -0.024831025                -0.06640164
10                        0.003084375               -0.023415400                -0.07092568
11                        0.001030382               -0.024708255                -0.06888458
   TimeBodyGyroscope.mean...Z TimeBodyGyroscopeJerk.mean...X TimeBodyGyroscopeJerk.mean...Y
1                  0.10772540                    -0.09916740                    -0.05551737
2                  0.10058429                    -0.11050283                    -0.04481873
3                  0.09612688                    -0.10848567                    -0.04241031
4                  0.08553770                    -0.09116989                    -0.03633262
5                  0.07739203                    -0.09077010                    -0.03763253
6                  0.07901214                    -0.09424758                    -0.04335526
7                  0.09546456                    -0.09708861                    -0.04158928
8                  0.09409561                    -0.10316236                    -0.03554607
9                  0.07786298                    -0.10069440                    -0.04771525
10                 0.07897584                    -0.09842938                    -0.04354022
11                 0.08548177                    -0.09944295                    -0.03251515
   TimeBodyGyroscopeJerk.mean...Z TimeBodyAccelerometerMagnitude.mean..
1                     -0.06198580                            -0.9594339
2                     -0.05924282                            -0.9792892
3                     -0.05582883                            -0.9837031
4                     -0.06046466                            -0.9865418
5                     -0.05828932                            -0.9928271
6                     -0.04193600                            -0.9942950
7                     -0.04470456                            -0.9874657
8                     -0.06320893                            -0.9774577
9                     -0.06772005                            -0.9836309
10                    -0.04856291                            -0.9867720
11                    -0.04551265                            -0.9880403
   TimeGravityAccelerometerMagnitude.mean.. TimeBodyAccelerometerJerkMagnitude.mean..
1                                -0.9594339                                -0.9933059
2                                -0.9792892                                -0.9912535
3                                -0.9837031                                -0.9885313
4                                -0.9865418                                -0.9930780
5                                -0.9928271                                -0.9934800
6                                -0.9942950                                -0.9930177
7                                -0.9874657                                -0.9913143
8                                -0.9774577                                -0.9908508
9                                -0.9836309                                -0.9933254
10                               -0.9867720                                -0.9853882
11                               -0.9880403                                -0.9844114
   TimeBodyGyroscopeMagnitude.mean.. TimeBodyGyroscopeJerkMagnitude.mean.. FrequencyBodyAccelerometer.mean...X
1                         -0.9689591                            -0.9942478                          -0.9947832
2                         -0.9806831                            -0.9951232                          -0.9974507
3                         -0.9763171                            -0.9934032                          -0.9935941
4                         -0.9820599                            -0.9955022                          -0.9954906
5                         -0.9852037                            -0.9958076                          -0.9972859
6                         -0.9858944                            -0.9952748                          -0.9966567
7                         -0.9855007                            -0.9937188                          -0.9958491
8                         -0.9845056                            -0.9942907                          -0.9951928
9                         -0.9893698                            -0.9958495                          -0.9970999
10                        -0.9845244                            -0.9897993                          -0.9935193
11                        -0.9852507                            -0.9912612                          -0.9928863
   FrequencyBodyAccelerometer.mean...Y FrequencyBodyAccelerometer.mean...Z
1                           -0.9829841                          -0.9392687
2                           -0.9768517                          -0.9735227
3                           -0.9725115                          -0.9833040
4                           -0.9835697                          -0.9910798
5                           -0.9823010                          -0.9883694
6                           -0.9869395                          -0.9927386
7                           -0.9676116                          -0.9841233
8                           -0.9742913                          -0.9886519
9                           -0.9682053                          -0.9906322
10                          -0.9703186                          -0.9860957
11                          -0.9706080                          -0.9836724
   FrequencyBodyAccelerometer.meanFreq...X FrequencyBodyAccelerometer.meanFreq...Y
1                              0.252482900                              0.13183575
2                              0.271308550                              0.04286364
3                              0.124531240                             -0.06461056
4                              0.029044377                              0.08030227
5                              0.181089770                              0.05798789
6                              0.157383770                              0.31883523
7                              0.432263310                              0.11041077
8                              0.000771701                             -0.12296974
9                             -0.027979677                              0.15413523
10                             0.037599200                              0.16076246
11                             0.254522430                              0.14580566
   FrequencyBodyAccelerometer.meanFreq...Z FrequencyBodyAccelerometerJerk.mean...X
1                              -0.05205025                              -0.9923325
2                              -0.01430976                              -0.9950322
3                               0.08267692                              -0.9909937
4                               0.18569468                              -0.9944466
5                               0.55978632                              -0.9962920
6                               0.60559943                              -0.9948507
7                               0.37958626                              -0.9947551
8                               0.15723362                              -0.9949470
9                               0.16483929                              -0.9966927
10                              0.25978658                              -0.9915342
11                              0.35600115                              -0.9909857
   FrequencyBodyAccelerometerJerk.mean...Y FrequencyBodyAccelerometerJerk.mean...Z
1                               -0.9871699                              -0.9896961
2                               -0.9813115                              -0.9897398
3                               -0.9816423                              -0.9875663
4                               -0.9887272                              -0.9913542
5                               -0.9887900                              -0.9906244
6                               -0.9882443                              -0.9901575
7                               -0.9832403                              -0.9873372
8                               -0.9807555                              -0.9908381
9                               -0.9801905                              -0.9963072
10                              -0.9708485                              -0.9867755
11                              -0.9734558                              -0.9817322
   FrequencyBodyAccelerometerJerk.meanFreq...X FrequencyBodyAccelerometerJerk.meanFreq...Y
1                                   0.87038451                                  0.21069700
2                                   0.60851352                                 -0.05367561
3                                   0.11543400                                 -0.19343634
4                                   0.03579805                                 -0.09303585
5                                   0.27335020                                  0.07913538
6                                   0.32883589                                  0.05477140
7                                   0.35640411                                  0.05078586
8                                   0.29494348                                  0.02293017
9                                   0.28644948                                  0.15220008
10                                  0.21177858                                 -0.04189474
11                                  0.29814706                                 -0.11664159
   FrequencyBodyAccelerometerJerk.meanFreq...Z FrequencyBodyGyroscope.mean...X FrequencyBodyGyroscope.mean...Y
1                                   0.26370789                      -0.9865744                      -0.9817615
2                                   0.06314827                      -0.9773867                      -0.9925300
3                                   0.03825433                      -0.9754332                      -0.9937147
4                                   0.16809523                      -0.9871096                      -0.9936015
5                                   0.29238418                      -0.9824465                      -0.9929838
6                                   0.32094497                      -0.9848902                      -0.9927862
7                                   0.20893077                      -0.9860273                      -0.9904991
8                                   0.02694164                      -0.9873302                      -0.9900142
9                                   0.25011504                      -0.9890979                      -0.9919669
10                                  0.02995693                      -0.9817777                      -0.9880011
11                                  0.07587141                      -0.9819125                      -0.9878227
   FrequencyBodyGyroscope.mean...Z FrequencyBodyGyroscope.meanFreq...X FrequencyBodyGyroscope.meanFreq...Y
1                       -0.9895148                         -0.25754888                          0.09794711
2                       -0.9896058                         -0.04816744                         -0.40160791
3                       -0.9867557                         -0.21668507                         -0.01726417
4                       -0.9871913                          0.21686246                         -0.13524536
5                       -0.9886664                         -0.15334258                         -0.08840273
6                       -0.9807784                         -0.36303968                         -0.13323831
7                       -0.9784560                         -0.30712543                         -0.34567235
8                       -0.9803608                         -0.08813590                         -0.20811515
9                       -0.9840280                         -0.18405460                          0.17672726
10                      -0.9774530                         -0.17276785                         -0.24908480
11                      -0.9772719                         -0.27981371                         -0.05103577
   FrequencyBodyGyroscope.meanFreq...Z FrequencyBodyAccelerometerMagnitude.mean..
1                           0.54715105                                 -0.9521547
2                          -0.06817833                                 -0.9808566
3                          -0.11072029                                 -0.9877948
4                          -0.04972798                                 -0.9875187
5                          -0.16223039                                 -0.9935909
6                           0.19483324                                 -0.9948360
7                          -0.07924550                                 -0.9821347
8                          -0.07598939                                 -0.9821841
9                           0.21279994                                 -0.9831308
10                         -0.06097840                                 -0.9849940
11                          0.09882920                                 -0.9856966
   FrequencyBodyAccelerometerMagnitude.meanFreq.. FrequencyBodyAccelerometerJerkMagnitude.mean..
1                                     -0.08843612                                     -0.9937257
2                                     -0.04414989                                     -0.9903355
3                                      0.25789914                                     -0.9892801
4                                      0.07358150                                     -0.9927689
5                                      0.39431033                                     -0.9955228
6                                      0.43796212                                     -0.9947329
7                                      0.21996177                                     -0.9878858
8                                     -0.10976272                                     -0.9898514
9                                      0.08376704                                     -0.9920726
10                                     0.42582119                                     -0.9823168
11                                     0.38084257                                     -0.9847630
   FrequencyBodyAccelerometerJerkMagnitude.meanFreq.. FrequencyBodyGyroscopeMagnitude.mean..
1                                           0.3469885                             -0.9801349
2                                           0.5320605                             -0.9882956
3                                           0.6607950                             -0.9892548
4                                           0.6789213                             -0.9894128
5                                           0.5590577                             -0.9914330
6                                           0.2469096                             -0.9905000
7                                           0.2901766                             -0.9882692
8                                           0.2497989                             -0.9894306
9                                           0.2723424                             -0.9916293
10                                          0.2508836                             -0.9847879
11                                          0.5018756                             -0.9834584
   FrequencyBodyGyroscopeMagnitude.meanFreq.. FrequencyBodyGyroscopeJerkMagnitude.mean..
1                                 -0.12898890                                 -0.9919904
2                                 -0.27195846                                 -0.9958539
3                                 -0.21272790                                 -0.9950305
4                                 -0.03568420                                 -0.9952207
5                                 -0.27358201                                 -0.9950928
6                                 -0.29732906                                 -0.9951433
7                                 -0.25703213                                 -0.9956415
8                                 -0.19727152                                 -0.9956291
9                                  0.07341721                                 -0.9952604
10                                -0.13996636                                 -0.9909812
11                                -0.04715901                                 -0.9913143
   FrequencyBodyGyroscopeJerkMagnitude.meanFreq.. Angle.TimeBodyAccelerometerMean.Gravity.
1                                     -0.07432303                              -0.11275434
2                                      0.15807454                               0.05347695
3                                      0.41450281                              -0.11855926
4                                      0.40457253                              -0.03678797
5                                      0.08775301                               0.12332005
6                                      0.01995331                               0.08263215
7                                      0.14584351                              -0.21275406
8                                      0.13638192                              -0.02088801
9                                      0.31403783                               0.01295402
10                                     0.26738250                              -0.02058965
11                                     0.12050339                               0.08069947
   Angle.TimeBodyAccelerometerJerkMean..GravityMean. Angle.TimeBodyGyroscopeMean.GravityMean.
1                                        0.030400372                              -0.46476139
2                                       -0.007434566                              -0.73262621
3                                        0.177899480                               0.10069921
4                                       -0.012892494                               0.64001104
5                                        0.122541960                               0.69357829
6                                       -0.143439010                               0.27504075
7                                       -0.230621930                               0.01463669
8                                        0.593995810                              -0.56187067
9                                        0.080936389                              -0.23431263
10                                      -0.127730180                              -0.48287054
11                                       0.595790550                              -0.47580245
   Angle.TimeBodyGyroscopeJerkMean.GravityMean. Angle.X.GravityMean. Angle.Y.GravityMean. Angle.Z.GravityMean.
1                                   -0.01844588           -0.8412468            0.1799406          -0.05862692
2                                    0.70351059           -0.8447876            0.1802889          -0.05431672
3                                    0.80852908           -0.8489335            0.1806373          -0.04911782
4                                   -0.48536645           -0.8486494            0.1819348          -0.04766318
5                                   -0.61597061           -0.8478653            0.1851512          -0.04389225
6                                   -0.36822404           -0.8496316            0.1848225          -0.04212638
7                                   -0.18951153           -0.8521502            0.1821700          -0.04300999
8                                    0.46738333           -0.8510167            0.1837785          -0.04197583
9                                    0.11779701           -0.8479715            0.1889825          -0.03736393
10                                  -0.07067013           -0.8482944            0.1903103          -0.03441729
11                                   0.11593062           -0.8515618            0.1876093          -0.03468117
   TimeBodyAccelerometer.std...X TimeBodyAccelerometer.std...Y TimeBodyAccelerometer.std...Z
1                     -0.9952786                    -0.9831106                    -0.9135264
2                     -0.9982453                    -0.9753002                    -0.9603220
3                     -0.9953796                    -0.9671870                    -0.9789440
4                     -0.9960915                    -0.9834027                    -0.9906751
5                     -0.9981386                    -0.9808173                    -0.9904816
6                     -0.9973350                    -0.9904868                    -0.9954200
7                     -0.9969210                    -0.9671859                    -0.9831178
8                     -0.9965593                    -0.9667284                    -0.9815853
9                     -0.9973285                    -0.9612453                    -0.9836716
10                    -0.9948034                    -0.9727584                    -0.9862439
11                    -0.9948151                    -0.9730769                    -0.9853570
   TimeGravityAccelerometer.std...X TimeGravityAccelerometer.std...Y TimeGravityAccelerometer.std...Z
1                        -0.9852497                       -0.9817084                       -0.8776250
2                        -0.9974113                       -0.9894474                       -0.9316387
3                        -0.9995740                       -0.9928658                       -0.9929172
4                        -0.9966456                       -0.9813928                       -0.9784764
5                        -0.9984293                       -0.9880982                       -0.9787449
6                        -0.9989793                       -0.9867539                       -0.9973064
7                        -0.9993325                       -0.9885747                       -0.9920159
8                        -0.9981183                       -0.9729600                       -0.9765688
9                        -0.9977894                       -0.9756451                       -0.9689613
10                       -0.9973622                       -0.9905016                       -0.9967423
11                       -0.9972646                       -0.9864879                       -0.9946927
   TimeBodyAccelerometerJerk.std...X TimeBodyAccelerometerJerk.std...Y TimeBodyAccelerometerJerk.std...Z
1                         -0.9935191                        -0.9883600                        -0.9935750
2                         -0.9955481                        -0.9810636                        -0.9918457
3                         -0.9907428                        -0.9809556                        -0.9896866
4                         -0.9926974                        -0.9875527                        -0.9934976
5                         -0.9964202                        -0.9883587                        -0.9924549
6                         -0.9948136                        -0.9887145                        -0.9922663
7                         -0.9952056                        -0.9848308                        -0.9884251
8                         -0.9952728                        -0.9812912                        -0.9903396
9                         -0.9964789                        -0.9800513                        -0.9966661
10                        -0.9911556                        -0.9692003                        -0.9886150
11                        -0.9912336                        -0.9732643                        -0.9850175
   TimeBodyGyroscope.std...X TimeBodyGyroscope.std...Y TimeBodyGyroscope.std...Z TimeBodyGyroscopeJerk.std...X
1                 -0.9853103                -0.9766234                -0.9922053                    -0.9921107
2                 -0.9831200                -0.9890458                -0.9891212                    -0.9898726
3                 -0.9762921                -0.9935518                -0.9863787                    -0.9884618
4                 -0.9913848                -0.9924073                -0.9875542                    -0.9911194
5                 -0.9851836                -0.9923781                -0.9874019                    -0.9913545
6                 -0.9851808                -0.9921175                -0.9830768                    -0.9916216
7                 -0.9881772                -0.9892057                -0.9791538                    -0.9904185
8                 -0.9891072                -0.9874032                -0.9785196                    -0.9911036
9                 -0.9908820                -0.9928913                -0.9872415                    -0.9924195
10                -0.9849378                -0.9873038                -0.9808440                    -0.9839125
11                -0.9846639                -0.9882156                -0.9809040                    -0.9859109
   TimeBodyGyroscopeJerk.std...Y TimeBodyGyroscopeJerk.std...Z TimeBodyAccelerometerMagnitude.std..
1                     -0.9925193                    -0.9920553                           -0.9505515
2                     -0.9972926                    -0.9938510                           -0.9760571
3                     -0.9956321                    -0.9915318                           -0.9880196
4                     -0.9966410                    -0.9933289                           -0.9864213
5                     -0.9964730                    -0.9945110                           -0.9912754
6                     -0.9960147                    -0.9930906                           -0.9952490
7                     -0.9954146                    -0.9904868                           -0.9827460
8                     -0.9957943                    -0.9907386                           -0.9759967
9                     -0.9963118                    -0.9939563                           -0.9775137
10                    -0.9930785                    -0.9843996                           -0.9867024
11                    -0.9937178                    -0.9847622                           -0.9859017
   TimeGravityAccelerometerMagnitude.std.. TimeBodyAccelerometerJerkMagnitude.std..
1                               -0.9505515                               -0.9943364
2                               -0.9760571                               -0.9916944
3                               -0.9880196                               -0.9903969
4                               -0.9864213                               -0.9933808
5                               -0.9912754                               -0.9958537
6                               -0.9952490                               -0.9954243
7                               -0.9827460                               -0.9894478
8                               -0.9759967                               -0.9903883
9                               -0.9775137                               -0.9928875
10                              -0.9867024                               -0.9836431
11                              -0.9859017                               -0.9860252
   TimeBodyGyroscopeMagnitude.std.. TimeBodyGyroscopeJerkMagnitude.std.. FrequencyBodyAccelerometer.std...X
1                        -0.9643352                           -0.9913676                         -0.9954217
2                        -0.9837542                           -0.9961016                         -0.9986803
3                        -0.9860515                           -0.9950910                         -0.9963128
4                        -0.9873511                           -0.9952666                         -0.9963121
5                        -0.9890626                           -0.9952580                         -0.9986065
6                        -0.9864403                           -0.9952050                         -0.9976438
7                        -0.9846253                           -0.9952695                         -0.9974612
8                        -0.9868383                           -0.9952107                         -0.9972793
9                        -0.9909145                           -0.9955883                         -0.9973676
10                       -0.9802638                           -0.9907352                         -0.9953884
11                       -0.9802478                           -0.9903406                         -0.9958107
   FrequencyBodyAccelerometer.std...Y FrequencyBodyAccelerometer.std...Z FrequencyBodyAccelerometerJerk.std...X
1                          -0.9831330                         -0.9061650                             -0.9958207
2                          -0.9749298                         -0.9554381                             -0.9966523
3                          -0.9655059                         -0.9770493                             -0.9912488
4                          -0.9832444                         -0.9902291                             -0.9913783
5                          -0.9801295                         -0.9919150                             -0.9969025
6                          -0.9922637                         -0.9970459                             -0.9952180
7                          -0.9679258                         -0.9828873                             -0.9962421
8                          -0.9641019                         -0.9780759                             -0.9961277
9                          -0.9591815                         -0.9800599                             -0.9965066
10                         -0.9747938                         -0.9865356                             -0.9914681
11                         -0.9751099                         -0.9868304                             -0.9923312
   FrequencyBodyAccelerometerJerk.std...Y FrequencyBodyAccelerometerJerk.std...Z FrequencyBodyGyroscope.std...X
1                              -0.9909363                             -0.9970517                     -0.9850326
2                              -0.9820839                             -0.9926268                     -0.9849043
3                              -0.9814148                             -0.9904159                     -0.9766422
4                              -0.9869269                             -0.9943908                     -0.9928104
5                              -0.9886067                             -0.9929065                     -0.9859818
6                              -0.9901788                             -0.9930667                     -0.9852871
7                              -0.9882634                             -0.9879085                     -0.9887881
8                              -0.9833693                             -0.9881628                     -0.9896004
9                              -0.9812898                             -0.9954414                     -0.9913759
10                             -0.9693183                             -0.9889748                     -0.9858691
11                             -0.9749290                             -0.9870654                     -0.9854689
   FrequencyBodyGyroscope.std...Y FrequencyBodyGyroscope.std...Z FrequencyBodyAccelerometerMagnitude.std..
1                      -0.9738861                     -0.9940349                                -0.9561340
2                      -0.9871681                     -0.9897847                                -0.9758658
3                      -0.9933990                     -0.9873282                                -0.9890155
4                      -0.9916460                     -0.9886776                                -0.9867420
5                      -0.9919558                     -0.9879443                                -0.9900635
6                      -0.9916595                     -0.9853661                                -0.9952833
7                      -0.9884058                     -0.9811471                                -0.9847729
8                      -0.9859172                     -0.9796810                                -0.9751195
9                      -0.9935160                     -0.9896288                                -0.9766829
10                     -0.9868624                     -0.9837876                                -0.9890231
11                     -0.9884639                     -0.9839489                                -0.9871887
   FrequencyBodyAccelerometerJerkMagnitude.std.. FrequencyBodyGyroscopeMagnitude.std..
1                                     -0.9937550                            -0.9613094
2                                     -0.9919603                            -0.9833219
3                                     -0.9908667                            -0.9860277
4                                     -0.9916998                            -0.9878358
5                                     -0.9943890                            -0.9890594
6                                     -0.9951562                            -0.9858609
7                                     -0.9905461                            -0.9845685
8                                     -0.9897903                            -0.9870648
9                                     -0.9928901                            -0.9917587
10                                    -0.9840570                            -0.9803878
11                                    -0.9866171                            -0.9811784
   FrequencyBodyGyroscopeJerkMagnitude.std..
1                                 -0.9906975
2                                 -0.9963995
3                                 -0.9951274
4                                 -0.9952369
5                                 -0.9954648
6                                 -0.9952387
7                                 -0.9946391
8                                 -0.9945068
9                                 -0.9960072
10                                -0.9905994
11                                -0.9892975 
